%YAML:1.0

common:
    core_num: 8
    init_frame: 10
    nearby_frame: 6

    # Transformation from body-frame (imu) to camera
    Tbl: !!opencv-matrix
        rows: 4
        cols: 4
        dt: d
#        data: [ 1.0, 0.0, 0.0, 0.0,
#                0.0, 1.0, 0.0, 0.0,
#                0.0, 0.0, 1.0, 0.0,
#                0.0, 0.0, 0.0, 1.0 ]
        data: [-0.00061492, 0.00730016, -0.999973, -0.047,
               -0.999996, -0.00270155, 0.000595212, 0.0285,
               -0.00269713, 0.99997, 0.00730179, 0.0033,
               0.0, 0.0, 0.0, 1.0]
#        data: [ -0.00061492, -0.999996, -0.00269713, -0.0285,
#                0.00730016, -0.00270155, 0.99997, -0.0031,
#                -0.999973, 0.000595212, 0.00730179, -0.0470,
#                0.0, 0.0, 0.0, 1.0 ]

#  [ INFO] [1676362407.449727668]: 	 IMU (Color to IMU):
#  [ INFO] [1676362407.449734727]: 		 Extrinsics:
#  [ INFO] [1676362407.449750595]: 			 Translation: -46.9783, -28.4947, 3.33461
#  [ INFO] [1676362407.449770564]: 			 Rotation[0]: -0.00061492, 0.00730016, -0.999973
#  [ INFO] [1676362407.449785103]: 			 Rotation[1]: -0.999996, -0.00270155, 0.000595212
#  [ INFO] [1676362407.449806962]: 			 Rotation[2]: -0.00269713, 0.99997, 0.00730179

#  [ INFO] [1676273645.432006109]: 	 IMU (IMU to Color):
#  [ INFO] [1676273645.432016211]: 		 Extrinsics:
#  [ INFO] [1676273645.432029369]: 			 Translation: -28.5145, -3.06854, -46.9844
#  [ INFO] [1676273645.432042705]: 			 Rotation[0]: -0.00061492, -0.999996, -0.00269713
#  [ INFO] [1676273645.432055924]: 			 Rotation[1]: 0.00730016, -0.00270155, 0.99997
#  [ INFO] [1676273645.432072033]: 			 Rotation[2]: -0.999973, 0.000595212, 0.00730179

lidar:
    rgb_topic: "/rgb/image_raw"
    depth_topic: "/depth_to_rgb/image_raw"
    frequency: 30
    camera_factor: 1000.0
    camera_cx: 330.275
    camera_cy: 266.435
    camera_fx: 594.196
    camera_fy: 595.270
    min_distance: 0.2
    max_distance: 8.0
    odom_n_rpy: 1.0e-2
    odom_n_xyz: 1.0e-2
    local_map_resolution: 0.05
    local_map_size: 10.0
    edge_n: 1.0e-4
    plane_n: 1.0e-3

    # mapping thread
    map_resolution: 0.1
    map_cell_width: 50.0
    map_cell_height: 50.0
    map_cell_depth: 50.0
    map_cell_width_range: 4
    map_cell_height_range: 4
    map_cell_depth_range: 4

    gap_plane: 20
    gap_line: 20

imu:
    # note that we follow the value unit from kalibr  link:https://github.com/ethz-asl/kalibr/wiki/IMU-Noise-Model
    # if you use imu_utils, the result is in discrete time, you can simply set frequency to 1
    imu_topic: "/imu"
    frequency: 200
    acc_n: 1.176e-2   # 1.176e-2m/s^2 * 1/sqrt(Hz) continuous time
    gyr_n: 2.443e-3   # 2.443e-3rad/s * 1/sqrt(Hz) continuous time
    acc_w: 1.0e-3   # m/s^3 * 1/sqrt(Hz) continuous time
    gyr_w: 1.0e-4   # rad/s^2 * 1/sqrt(Hz) continuous time